   0  1  2  3  4  5  6  7  8 
0 [3][ ][ ][7][8][ ][9][4][ ]
1 [ ][2][ ][ ][ ][5][8][ ][ ]
2 [ ][ ][ ][ ][ ][ ][ ][5][7]
3 [ ][ ][5][ ][9][ ][ ][ ][ ]
4 [ ][ ][ ][6][ ][ ][ ][ ][ ]
5 [4][ ][ ][8][ ][1][ ][ ][ ]
6 [ ][3][ ][4][ ][8][7][ ][ ]
7 [ ][6][2][3][ ][ ][ ][ ][ ]
8 [ ][ ][ ][ ][7][ ][ ][ ][6]


   0  1  2  3  4  5  6  7  8 
0 [3][5][1][7][8][6][9][4][2]
1 [6][2][7][9][3][5][8][1][4]
2 [8][9][4][1][6][2][3][5][7]
3 [1][4][5][2][9][3][6][7][8]
4 [5][8][3][6][4][7][1][2][9]
5 [4][7][6][8][2][1][5][9][3]
6 [2][3][9][4][1][8][7][6][5]
7 [7][6][2][3][5][9][4][8][1]
8 [9][1][8][5][7][4][2][3][6]
