   0  1  2  3  4  5  6  7  8 
0 [ ][ ][ ][ ][ ][ ][ ][ ][ ]
1 [2][7][4][ ][ ][ ][ ][9][ ]
2 [ ][ ][ ][7][ ][8][ ][ ][ ]
3 [ ][9][ ][8][5][ ][1][ ][ ]
4 [7][5][ ][ ][ ][ ][ ][ ][6]
5 [3][ ][ ][ ][ ][ ][ ][ ][ ]
6 [ ][ ][9][6][ ][ ][ ][5][2]
7 [ ][ ][1][4][ ][ ][9][ ][7]
8 [ ][ ][ ][ ][8][ ][ ][ ][ ]


   0  1  2  3  4  5  6  7  8 
0 [1][8][3][9][4][2][7][1][5]
1 [2][7][4][5][1][3][6][9][8]
2 [9][6][5][7][3][8][2][3][4]
3 [4][9][6][8][5][7][1][2][3]
4 [7][5][2][1][9][3][8][4][6]
5 [3][1][8][2][6][4][5][7][9]
6 [8][4][9][6][7][1][3][5][2]
7 [6][3][1][4][2][5][9][8][7]
8 [5][2][7][3][8][9][4][6][1]
