   0  1  2  3  4  5  6  7  8 
0 [9][6][ ][ ][ ][8][5][ ][ ]
1 [ ][ ][7][5][6][ ][ ][ ][4]
2 [ ][3][ ][ ][ ][ ][ ][ ][ ]
3 [ ][ ][ ][ ][ ][9][ ][ ][ ]
4 [ ][ ][ ][ ][4][1][ ][8][ ]
5 [6][ ][ ][ ][ ][ ][ ][ ][ ]
6 [ ][ ][1][ ][ ][ ][2][9][7]
7 [ ][ ][ ][ ][7][ ][ ][4][ ]
8 [5][ ][ ][ ][ ][ ][ ][ ][6]


   0  1  2  3  4  5  6  7  8 
0 [9][6][4][2][1][8][5][7][3]
1 [1][8][7][5][6][3][9][2][4]
2 [2][3][5][4][9][7][1][6][8]
3 [4][2][3][6][8][9][7][5][1]
4 [7][5][9][3][4][1][6][8][2]
5 [6][1][8][7][2][5][4][3][9]
6 [3][4][1][8][5][6][2][9][7]
7 [8][9][6][1][7][2][3][4][5]
8 [5][7][2][9][3][4][8][1][6]
