   0  1  2  3  4  5  6  7  8 
0 [ ][ ][ ][ ][4][ ][ ][ ][ ]
1 [8][6][ ][ ][ ][ ][ ][ ][ ]
2 [ ][ ][ ][ ][9][7][3][ ][8]
3 [ ][ ][ ][6][ ][ ][5][2][9]
4 [9][ ][ ][3][ ][ ][8][ ][ ]
5 [ ][1][ ][ ][ ][ ][ ][ ][ ]
6 [ ][ ][ ][9][2][ ][ ][ ][ ]
7 [ ][4][ ][ ][ ][1][7][ ][2]
8 [ ][ ][ ][ ][ ][ ][ ][1][ ]


   0  1  2  3  4  5  6  7  8 
0 [1][9][3][8][4][6][2][7][5]
1 [8][6][7][2][3][5][1][9][4]
2 [5][2][4][1][9][7][3][6][8]
3 [4][7][3][6][1][8][5][2][9]
4 [9][5][6][3][7][2][8][4][1]
5 [2][1][8][4][5][9][6][3][7]
6 [7][8][1][9][2][3][4][5][6]
7 [3][4][9][5][6][1][7][8][2]
8 [6][2][5][7][8][4][9][1][3]
