   1  2  3  4  5  6  7  8  9 
1 [1][ ][ ][ ][ ][8][ ][4][9]
2 [ ][ ][ ][ ][ ][ ][2][8][ ]
3 [ ][ ][ ][6][2][ ][7][ ][ ]
4 [ ][ ][ ][ ][ ][ ][ ][ ][8]
5 [ ][3][4][ ][ ][9][ ][2][6]
6 [ ][ ][ ][ ][8][  ][9][5][ ]
7 [7][ ][ ][ ][ ][2][ ][ ][ ]
8 [4][ ][5][9][ ][ ][ ][ ][ ]
9 [3][1][ ][ ][ ][6][ ][ ][ ]


   1  2  3  4  5  6  7  8  9 
1 [1][5][2][3][7][8][6][4][9]
2 [6][7][3][1][9][4][2][8][5]
3 [9][4][8][6][2][5][7][1][3]
4 [5][9][7][2][6][1][4][3][8]
5 [8][3][4][7][5][9][1][2][6]
6 [2][6][1][4][8][3][9][5][7]
7 [7][8][6][5][1][2][3][9][4]
8 [4][2][5][9][3][7][8][6][1]
9 [3][1][9][8][4][6][5][7][2]
