   0  1  2  3  4  5  6  7  8 
0 [ ][ ][ ][ ][ ][ ][ ][ ][ ]
1 [ ][ ][ ][ ][4][ ][1][5][7]
2 [8][7][4][ ][ ][3][ ][ ][ ]
3 [5][ ][ ][ ][ ][ ][ ][ ][ ]
4 [ ][ ][2][7][9][ ][4][ ][6]
5 [ ][9][ ][ ][ ][ ][ ][ ][ ]
6 [ ][ ][ ][ ][ ][ ][ ][ ][ ]
7 [ ][6][3][2][ ][ ][9][ ][ ]
8 [ ][ ][7][ ][ ][6][ ][8][3]


   0  1  2  3  4  5  6  7  8 
0 [9][1][5][3][2][7][6][4][8]
1 [3][2][6][8][4][9][1][5][7]
2 [8][7][4][1][5][3][2][6][9]
3 [5][3][9][4][6][2][8][7][1]
4 [1][5][2][7][9][8][4][3][6]
5 [4][9][8][6][7][1][3][2][5]
6 [6][8][1][5][3][4][7][9][2]
7 [7][6][3][2][8][5][9][1][4]
8 [2][4][7][9][1][6][5][8][3]
